1.181559895036847649e+02
1.670009380106475021e+02
9.591692650170674739e+00
1.146664305406319784e+02
1.652892996668564933e+02
1.050696120247777543e+01
1.162265554638837415e+02
1.891529041276217242e+02
8.544378820560703858e+00
1.160963082861997577e+02
1.882647032260269953e+02
7.833618890808564217e+00
1.084888247943580382e+02
1.698623423541708917e+02
1.122040952979565631e+01
1.233619092526416949e+02
1.780089041160448176e+02
8.801049202733967292e+00
1.264685978227618079e+02
1.763306712500553317e+02
9.232196295640015649e+00
1.272174668426229545e+02
1.672527857474008499e+02
9.399459551090693310e+00
1.333545734699729337e+02
1.756359809957615425e+02
9.632450297224448121e+00
1.337500573705755471e+02
1.677786059843870419e+02
1.007377401220825597e+01
1.183298312341133141e+02
1.828370007534224726e+02
6.378957528832636115e+00
1.299992885663630489e+02
1.754414280064771958e+02
8.070974277434421751e+00
1.028981860868727409e+02
1.741721977511527371e+02
1.097562221883092803e+01
1.211215485133572685e+02
1.775601433446353212e+02
7.029056675866304005e+00
1.174069612892946566e+02
1.840102114523349144e+02
6.869116843627135260e+00
1.402992729534267653e+02
1.702178364077086314e+02
1.153144817385225096e+01
1.149139466429325438e+02
1.810362580161928747e+02
2.411285384817995592e+00
1.144586256146027523e+02
1.859103739369884352e+02
5.717339157873843725e+00
1.366592127150396436e+02
1.762917690166139266e+02
8.781686595311054333e+00
1.402461116579642351e+02
1.768529145659625783e+02
9.892581954544839462e+00
9.933968759244260127e+01
1.778402075888920706e+02
8.193472999458011330e+00
1.099154842052730885e+02
1.822578060424543480e+02
5.972479074780980390e+00
1.100006979559320115e+02
1.814338120661105336e+02
5.008217990752271476e+00
9.922247680438704265e+01
1.824323489400794074e+02
9.232764099848985495e+00
1.068239796938892141e+02
1.809191117689967712e+02
5.752248082306518739e+00
1.467039007257906746e+02
1.773339569737445061e+02
1.248596991567782233e+01
1.423706996956701119e+02
1.816114967548156471e+02
1.028990925184119476e+01
1.445149148504983145e+02
1.835240233477949801e+02
1.075393008032993514e+01
1.487224309225595675e+02
1.863665173193891178e+02
1.022739739506378420e+01
1.464673508546426319e+02
1.903354691169750197e+02
1.014495898452978651e+01
1.525356673905248783e+02
1.939196286160911313e+02
1.130130938823608489e+01
9.506022192830344864e+01
1.864145848872985596e+02
1.152094247036836805e+01
9.432395510550512086e+01
1.942631792429921518e+02
1.306283107224848905e+01
9.402826571592602534e+01
1.903871832067708851e+02
9.966843380468436209e+00
1.507765692635840367e+02
2.048567875775593734e+02
2.054377917388757524e+01
1.496093229490944907e+02
1.974628176550232297e+02
1.067126555510166774e+01
1.487015403916519745e+02
2.051836279957134934e+02
1.191397636362987988e+01
9.792782586554199042e+01
2.009163424535737192e+02
1.272499544756421130e+01
9.354015620641013129e+01
1.974641169812253736e+02
9.326797195039064903e+00
1.003961895853949926e+02
1.963910154547407956e+02
1.558666591216229946e+01
1.027632172800804682e+02
2.015565805315500256e+02
1.642030002285435586e+01
9.410081572466836519e+01
2.070276332814426041e+02
1.175521151647458495e+01
9.839840231075402244e+01
2.084389618942626612e+02
1.350642215984825434e+01
1.421626530666435428e+02
2.159729528567681314e+02
1.254130942308697172e+01
1.460192748269201104e+02
2.121249423001714831e+02
1.169775479683211472e+01
1.455861057215120695e+02
2.134809221653390523e+02
1.041236869076666771e+01
1.460935632668108042e+02
2.184447558416566437e+02
8.994211478127077442e+00
1.414752913373009449e+02
2.201914538517232245e+02
8.597206570951851035e+00
1.394507733259095801e+02
2.219997918824936107e+02
8.863453115985189257e+00
1.112189491818079858e+02
2.257195206712252968e+02
1.342592965024247142e+01
1.133249063142075244e+02
2.209630683927221071e+02
1.018789011075999973e+01
1.079736868428487497e+02
2.221114025138629700e+02
8.978626231058447260e+00
1.158498787676395096e+02
2.239877099144221120e+02
8.698381305513233741e+00
1.199180427460114231e+02
2.247517526944821782e+02
1.072045954890734620e+01
1.333821263764062905e+02
2.252419142100330021e+02
9.863009405899092030e+00
1.295253896494820367e+02
2.248551401036145592e+02
9.651140424498827031e+00
1.269676812038762108e+02
2.256731814439468735e+02
9.856262449443965679e+00
1.180760130943306478e+02
1.634666266712070524e+02
2.167165685151240240e+01
1.145303703014652825e+02
1.689716591208864145e+02
2.466976317195651802e+01
1.090882980275065677e+02
1.643336934151177218e+02
2.365771472085094373e+01
1.265859971994993316e+02
1.655154211079881748e+02
2.157536009469594518e+01
1.043074372000133110e+02
1.717203410446039982e+02
2.314463952504059208e+01
1.355319542023769941e+02
1.686662299703139070e+02
2.102549832547186170e+01
1.385338258952864408e+02
1.745526229769153019e+02
2.259684621318871223e+01
9.908666454506025900e+01
1.755023841178569057e+02
2.102335730428762517e+01
9.754654663715507468e+01
1.826384965232931279e+02
1.965906403302104266e+01
1.469175917717965376e+02
1.808824007562413101e+02
2.209147373110222290e+01
9.715163634446038543e+01
1.936591800802630701e+02
1.773128401282369282e+01
9.573144597780769516e+01
1.881412808659907796e+02
1.763079897863909906e+01
1.489751321607875525e+02
1.874190880033441715e+02
2.171173513827438128e+01
9.719389726088445514e+01
1.976880139366930678e+02
2.367091389918603639e+01
1.484323001848746344e+02
1.950215767424528508e+02
2.211738247855362260e+01
1.475896812349739378e+02
2.152804030575217666e+02
2.080092649660758042e+01
1.070084954189821644e+02
2.170534599834236360e+02
1.758407834616067333e+01
1.055034178153526483e+02
2.165889615995295401e+02
1.024130751851076937e+01
1.033489594935301312e+02
2.148877064931815539e+02
1.157549046990701491e+01
1.350395146559054922e+02
2.210199023110212124e+02
1.028704429097608397e+01
1.352068330683221973e+02
2.158300861852979722e+02
1.831904167993926436e+01
1.395474319466487430e+02
2.148563984263283544e+02
1.905004848774855120e+01
1.346795460870625902e+02
2.249245079462462229e+02
1.814673333578965853e+01
1.173245547435593323e+02
2.274997714184693223e+02
1.983200258384909631e+01
1.242775879522116611e+02
2.338538585641254031e+02
8.188922851793908109e+00
1.474730048019181652e+02
1.743939969996100672e+02
2.104832856608732783e+01
1.287772305603980101e+02
2.255122622150246343e+02
2.020542136674350431e+01
1.304419662976661414e+02
1.667215761720938474e+02
2.020301086341622110e+01
1.485284384183093778e+02
2.109209553551380054e+02
2.072367721264105001e+01
9.846282828624083550e+01
2.012392206852199763e+02
2.439867051309963841e+01
1.434089172558479106e+02
2.080567240493412271e+02
1.232713251343787597e+01
1.404333100462751815e+02
2.104323555451930474e+02
2.109622771925744544e+01
9.869876988037707122e+01
2.142586008973382832e+02
1.010611468319783768e+01
1.005989224620737588e+02
2.064773129191946452e+02
1.859612747146889333e+01
1.014639104598951604e+02
2.098061807593934986e+02
2.516557584179125229e+01
1.126432200590208339e+02
2.230042980691957837e+02
1.916728092629067959e+01
1.223478541166973770e+02
1.716475324386389616e+02
2.428769384401764952e+01
1.152596842016398995e+02
1.764622555812520091e+02
2.723033527484196625e+01
1.135071231641734499e+02
1.742390907613150546e+02
2.648167487961079303e+01
1.276633179229849873e+02
1.715890882970982148e+02
2.411049404763442894e+01
1.312525054036720746e+02
1.750330737840120889e+02
2.411115992379030004e+01
1.386871207555136607e+02
1.832404003695756387e+02
2.488532611775085357e+01
1.448027741440199065e+02
2.216227268084043089e+02
1.947775948149928382e+01
1.425738020068333469e+02
2.246277312688336849e+02
1.899371963796226126e+01
1.051784762754616906e+02
2.228065625140627617e+02
1.965934400322900899e+01
1.074247797155090609e+02
2.192530187908844539e+02
2.404845087699253980e+01
1.404886625922458450e+02
2.323902896947074055e+02
2.794197057432283415e+01
1.102539125260448287e+02
1.696109112394960903e+02
2.757319932058329925e+01
1.227182769546931524e+02
1.737690433396430763e+02
2.893262961075187789e+01
1.078012160048936749e+02
1.699368364710700234e+02
2.692889155748899910e+01
1.336356782915870269e+02
1.733375901469590588e+02
2.990434742921680566e+01
1.399412260332129847e+02
1.744095753060376524e+02
2.895074367485207389e+01
9.865036070646398514e+01
1.869875135357124520e+02
2.438852733286636010e+01
1.420281230389383040e+02
1.815324097106324075e+02
2.961225113635802586e+01
9.906455088002459775e+01
1.958295175612122136e+02
2.379632407153605200e+01
1.539190361242465599e+02
1.893230606642727309e+02
3.575958753615157804e+01
1.549561106634646990e+02
1.951863570488399660e+02
2.679198627691839718e+01
1.507658802396944111e+02
2.076643519694851534e+02
2.711919325818879045e+01
1.456311649191400761e+02
2.169132355303818542e+02
2.925121394309518763e+01
1.050588601602136265e+02
2.145018997624845554e+02
2.462390502354904243e+01
1.104631117196000503e+02
2.168997262040076919e+02
2.416508711387159991e+01
1.393364469902988958e+02
2.197943166561244936e+02
3.060755219839361274e+01
1.367917666389767817e+02
2.207554964946328653e+02
3.120674655474854475e+01
1.155228942637239697e+02
2.258967067855053017e+02
2.592706039891774950e+01
1.297953640465281353e+02
2.255760060893132390e+02
4.192054795030739456e+01
1.140188351502483641e+02
1.715175379912524818e+02
2.728326381256249888e+01
1.358749700001377789e+02
1.726962300981097655e+02
2.982440499912018339e+01
1.486603448565419114e+02
2.136941736724524219e+02
2.854099899502745075e+01
1.089907514837860703e+02
1.596011064433450599e+02
3.265235049100574827e+01
1.240326129432890525e+02
1.641576488271467724e+02
2.865040115749249239e+01
1.274359995633872842e+02
1.743864240899221443e+02
2.942459082369630607e+01
1.041911873875356633e+02
1.806721788156373805e+02
2.489244019065475300e+01
9.811622105799061444e+01
1.731781212037828368e+02
2.667080461200816544e+01
1.472150849968202522e+02
1.833131069701650233e+02
3.283562033486776244e+01
9.554385762419114769e+01
2.089095295923355877e+02
2.658735996337524909e+01
1.409059372024373147e+02
2.172917904123171411e+02
3.154410294584375762e+01
1.453197889798790357e+02
2.239121309123588048e+02
2.966030498527095105e+01
1.344385029941856260e+02
2.216721338956390355e+02
3.670197138106034629e+01
9.180693518494859973e+01
1.842050972779453559e+02
2.697038555322988174e+01
9.132931537326236082e+01
1.870258537970923385e+02
2.897476882311518409e+01
9.128144203861448602e+01
1.975713630264675373e+02
2.959175665348049478e+01
9.180555714559542935e+01
2.022229940941560642e+02
2.765270344390795998e+01
1.001318544040987746e+02
2.173165994095150779e+02
2.662745534650519730e+01
1.055785249234648973e+02
2.245148044124282762e+02
2.600341862151108785e+01
1.128307042627914711e+02
2.282707951730796765e+02
2.715669524823776015e+01
1.199807343888987106e+02
1.631250830534733041e+02
3.202260817532634007e+01
1.090713177012195132e+02
1.666930210303978583e+02
3.256164994926594858e+01
1.059103674197868941e+02
1.727182306090857651e+02
3.192942017537202304e+01
1.288908505806018923e+02
1.687330991199781636e+02
3.257932659993224433e+01
1.364822420825146594e+02
1.720027941379620415e+02
3.426301971776070587e+01
1.383579376396782266e+02
1.727730978838053773e+02
3.408083682326615360e+01
9.818734518652115639e+01
1.756936916824252535e+02
3.325316035514254764e+01
1.412371443681892060e+02
1.790427133613046919e+02
3.546359204520973663e+01
9.398977303676181805e+01
1.857609581161106007e+02
3.722871579340981896e+01
9.152155403062553773e+01
2.035728523022305581e+02
3.693495901915721191e+01
9.763368337818327802e+01
2.057642153252099320e+02
3.568017149134212218e+01
1.486533790604131582e+02
2.110399180161103629e+02
3.737115623663652286e+01
1.038149346701107021e+02
2.114633074926224481e+02
3.357137937639010516e+01
1.475666954920016849e+02
2.171131513568294054e+02
4.345067032588605827e+01
1.440093401327556251e+02
2.219812950538116070e+02
3.888189485208030050e+01
1.368316136791151223e+02
2.160617353873218747e+02
3.726623515139446141e+01
1.094143248726962696e+02
2.203314813330142954e+02
3.530737678478974573e+01
1.155909117400867103e+02
2.269700894962415418e+02
3.624620652823022482e+01
1.073329906436377144e+02
2.167772065425630217e+02
3.829231997838242307e+01
1.076612254681775340e+02
2.122621357304891205e+02
3.380402651853898277e+01
1.120651896567199088e+02
1.697092957392164294e+02
3.292277975649785304e+01
1.229796574427220719e+02
1.687201684604162608e+02
3.826498899296752398e+01
1.322333795573094903e+02
1.776305301450093737e+02
3.460125044970020980e+01
9.467094977266535238e+01
1.807856678137910933e+02
3.548901297193100390e+01
8.964109824252119552e+01
1.974610967127494519e+02
3.727833723027512747e+01
1.524033322783554354e+02
2.088880922779547120e+02
3.737308991203277486e+01
1.368710585369063040e+02
2.124068385508663539e+02
4.168178656259515691e+01
1.375457938919637684e+02
2.213757828441957258e+02
3.781047800468257947e+01
1.360231046272006949e+02
1.789528897362471014e+02
3.575687415744475572e+01
9.539658157325473553e+01
1.784164070385518812e+02
4.061144478457571694e+01
1.455212090088754735e+02
1.897196266519567018e+02
3.894701947264594111e+01
1.445362658026274971e+02
1.963717101218558412e+02
3.919784237291829498e+01
1.472155219644534156e+02
1.987185899966399916e+02
3.890971744134704835e+01
9.646283685232869232e+01
2.130686787692474695e+02
3.573039097719069446e+01
9.857887065833794793e+01
2.175760181032154605e+02
3.581799947210096491e+01
9.899091140637396791e+01
2.234385340381655567e+02
3.612321568830441976e+01
1.088407348964652641e+02
2.265193797590325744e+02
4.153522138389278950e+01
1.111951680999026451e+02
1.697744935943613598e+02
3.931173750188529681e+01
1.281357920056389901e+02
1.695613178279415365e+02
4.004332229082677941e+01
1.315952224593417270e+02
1.715604790201863068e+02
4.117060411358254868e+01
1.061090827190793959e+02
1.735801946353651886e+02
3.986784886163160024e+01
9.430515117996546337e+01
1.850239978305445732e+02
4.033625242118404941e+01
1.469140975963111941e+02
1.871546268380288041e+02
4.377752383897956889e+01
1.667713452067839910e+02
1.972515117472341899e+02
4.703124705431960706e+01
1.527122767942707355e+02
1.993015023405008890e+02
4.433492225755324512e+01
9.310271082019778532e+01
2.019676204762847931e+02
4.036136085791881101e+01
1.527833129836222952e+02
2.064659755749181045e+02
4.524005723512526345e+01
9.715545353004327467e+01
2.091362496452599942e+02
3.931031717207424236e+01
1.000999325799646869e+02
2.160463172629306143e+02
3.885565263126636637e+01
1.360176484811288162e+02
2.227848820165742438e+02
4.863552188273422416e+01
1.373320905067538149e+02
2.285876818252875466e+02
4.538942120897884536e+01
1.181362154590700868e+02
2.281806562166210313e+02
4.065707203729758135e+01
1.063412070471257778e+02
1.783258495816750724e+02
3.899923444551301799e+01
1.397777964632234955e+02
1.774696765469408888e+02
4.317217135269704187e+01
9.427340540269071312e+01
1.906332367500991722e+02
3.968987785718768180e+01
1.462173884192538083e+02
2.088455555437246005e+02
4.585342929984013693e+01
1.384406377950227238e+02
2.167342799824002100e+02
4.808235046996784945e+01
1.064189117936290785e+02
2.152563999351455948e+02
4.574850227394629343e+01
1.353014840991595804e+02
2.218613961435086139e+02
4.358968830799622651e+01
1.186322505019288940e+02
1.747833316347708887e+02
4.032701209351950666e+01
1.238801915513492133e+02
1.770411553273735024e+02
4.127519782461401832e+01
1.282206201883441565e+02
1.772218273692033677e+02
4.264369684385583525e+01
1.358630453055459668e+02
1.803828222902610321e+02
4.298358254867399353e+01
1.394260901778662287e+02
1.841275736029531345e+02
4.306252395799768351e+01
9.205091985339127802e+01
1.887222659041315467e+02
4.750235702960297601e+01
1.462163816917091594e+02
2.032149393060507521e+02
4.471087610331240114e+01
9.475335366786322311e+01
2.043909874606268602e+02
4.429990473124766481e+01
1.041169282389522692e+02
2.120613786843588571e+02
4.571699518989343858e+01
1.114162685825546220e+02
2.220882893936179698e+02
4.830452433378867738e+01
1.107615603318797213e+02
1.714541872498066937e+02
4.869751376782443941e+01
1.067993172674793954e+02
1.728085740114971713e+02
4.811713542687126477e+01
1.030761254297526790e+02
1.753269006301814557e+02
4.755140449119397772e+01
1.258725771884187594e+02
1.748304824277280147e+02
5.080463305494875925e+01
1.315307453441921552e+02
1.750480911276841880e+02
4.974758880072525358e+01
1.455614773424815098e+02
1.838526775184823521e+02
5.234184576846517700e+01
9.804732439675940725e+01
1.803840678259613810e+02
4.946462120483397484e+01
1.519478935631137517e+02
2.026952877377264031e+02
5.096825724207665331e+01
9.696157016136930906e+01
1.973426601283811124e+02
4.573122650073363360e+01
1.492743999476545866e+02
2.137329207642211770e+02
5.708084955601108845e+01
1.317568976996823551e+02
2.215641872391326785e+02
4.741817964575885469e+01
1.276863456352202775e+02
2.249540069360927532e+02
4.781385814062655015e+01
1.180997820367224023e+02
1.718409645362496576e+02
4.855579933813663729e+01
1.076082577850116451e+02
1.876114825501452401e+02
3.756916695969108133e+01
1.502004753853064756e+02
2.055366639363759305e+02
5.226960915919307382e+01
9.122364925443822870e+01
2.047351727792160432e+02
5.441238350842976246e+01
9.982430796097430914e+01
2.114383212966570227e+02
4.594430710400139617e+01
1.190921705541142757e+02
2.231711684234165887e+02
4.660213772169109347e+01
1.240384167407963361e+02
1.709719069949180721e+02
4.997106113378819003e+01
1.386818981594965123e+02
1.787236067000612252e+02
5.156280929690517922e+01
1.144531413481628732e+02
1.806761589117981828e+02
5.191270740076577539e+01
1.195061186556705053e+02
1.799693638863098215e+02
5.133162919588421857e+01
1.112509133592680399e+02
1.795175167949178956e+02
5.090059307459038962e+01
1.254884955003243050e+02
1.825037962973655112e+02
5.229514919445238519e+01
1.076282439778143782e+02
1.827901176371596250e+02
5.103248689057195975e+01
1.327891602555553447e+02
1.850902726608591422e+02
5.359911010302762691e+01
1.070173472036454143e+02
1.853744115981400569e+02
5.213109261645703185e+01
1.362771287309881814e+02
1.887638980377622886e+02
5.374856286159008789e+01
1.430411081754057818e+02
1.941423318116267751e+02
5.203139164108522863e+01
1.380752135845873738e+02
1.926015882846228067e+02
5.295825324107988052e+01
9.874153404423510949e+01
2.179572829219557661e+02
5.025742567768669034e+01
1.033328155433795104e+02
2.235684032901950218e+02
4.986264677302071391e+01
1.384840327114411593e+02
2.203601972792957042e+02
5.643645514521595175e+01
1.316852962537760163e+02
2.294709723328029156e+02
5.075995328948099683e+01
1.177990254134959400e+02
2.299836306857817476e+02
5.173522940918680746e+01
1.269565815441542327e+02
2.312404117267906258e+02
5.328945093663411114e+01
1.107759788339682245e+02
1.784091957205829431e+02
6.052907251265535393e+01
1.061797370585349540e+02
1.808526707763694787e+02
5.981767479286399691e+01
1.353761443187135853e+02
1.835425574898150956e+02
6.061044956463533850e+01
9.687316238130974000e+01
1.844450698985423003e+02
5.898849820280951661e+01
9.182084059922513575e+01
2.130540316669616345e+02
5.597247140677900745e+01
1.010523563918660841e+02
2.165635784342889281e+02
5.536892244821422793e+01
1.035995338784533146e+02
2.208126900897081555e+02
5.502839209338416993e+01
1.094207528825335061e+02
2.153621673058291321e+02
5.285219516327564548e+01
1.338095166359926225e+02
2.234585510258222314e+02
5.591996986735649955e+01
1.129077236447063370e+02
2.223329953744532475e+02
5.656933828454044288e+01
1.308667911512734463e+02
2.253116420727027958e+02
5.541302434805764676e+01
1.203815376563242694e+02
1.758560165846796224e+02
5.976319995179187572e+01
1.281459713016683679e+02
1.785906181234490475e+02
5.971168575967347891e+01
1.009788476623896543e+02
1.820197450587938590e+02
5.883357659598451761e+01
1.400163561611568070e+02
1.863378448919947630e+02
6.182806284353287651e+01
1.454098104933806894e+02
1.926130780664917950e+02
6.176678952099889131e+01
1.435901259331680251e+02
2.164602082012614233e+02
6.134954830006904558e+01
1.077897241561376518e+02
2.198564641724196065e+02
5.401868551325379997e+01
9.962453299242127969e+01
2.061415368867356790e+02
5.538942990778338071e+01
1.016102546890718230e+02
2.108693370125467936e+02
5.424810500016803161e+01
1.273202993870427946e+02
2.267787197476828283e+02
5.632478205497462653e+01
1.257680535232461239e+02
1.855994482949646169e+02
6.115875484285538732e+01
1.205963313488106508e+02
1.849280447304510631e+02
6.090576626060583010e+01
1.127703582131939868e+02
1.879798299659923373e+02
5.910639021064433507e+01
1.099754660126921380e+02
1.887254904410303880e+02
5.901686903902528059e+01
1.069690798879218363e+02
1.895021904441769323e+02
5.765080269215755493e+01
1.323649754165052741e+02
1.908489045572515010e+02
6.043682552342171732e+01
1.374860130662360689e+02
1.935759606071924281e+02
6.015814920525996001e+01
1.039766775074616731e+02
1.933541950500252540e+02
5.899892885955252098e+01
1.405105378275131329e+02
1.971402477699637643e+02
6.006161739059032101e+01
1.121178192883385805e+02
2.264882995389342000e+02
6.594843440706050330e+01
1.110685674991109835e+02
1.831611464129746878e+02
6.879049480213802781e+01
1.210437630326378269e+02
1.815532737967045023e+02
6.910007924563929294e+01
1.072141251571156744e+02
1.865509588385808115e+02
6.718647989519134001e+01
1.048735345567774715e+02
1.909967236783898272e+02
6.702957000873412596e+01
1.370592762933422648e+02
1.887562931152444889e+02
6.836332512022720209e+01
9.969687771176050717e+01
1.939976756039721408e+02
6.777743539043871124e+01
1.381861644892443053e+02
1.981435775627674900e+02
6.536975359128308583e+01
1.006474499690594939e+02
2.027659690329733166e+02
6.569948898925160563e+01
1.031915422711631010e+02
2.053440666551568654e+02
6.642723119545635768e+01
1.029569560557850423e+02
2.110587316194273910e+02
6.456080162045043380e+01
1.028356883803135133e+02
2.167335582319349214e+02
6.552269247486455583e+01
1.380814191688677397e+02
2.290087919962625733e+02
6.442976085709616996e+01
1.043274076155232137e+02
2.170843426284026236e+02
6.556561470446555973e+01
1.284268607464644560e+02
2.321554219524313680e+02
6.571964491806730280e+01
1.251483162678298413e+02
1.862227833005476896e+02
6.636471877563933219e+01
1.402754593163144818e+02
1.937009407520126842e+02
6.728491985291896071e+01
1.239671839427629010e+02
2.217550927081450141e+02
6.370720291562761872e+01
1.145040261485936810e+02
1.949845133522128720e+02
6.712933156264558932e+01
1.253020230993517856e+02
1.918527177507179147e+02
6.745302599504736918e+01
1.284506646143662181e+02
1.928858970652680682e+02
6.720235097400659185e+01
1.106340792470928989e+02
1.971109790510919595e+02
6.694313769901800981e+01
1.307668346803384622e+02
1.957448768608487342e+02
6.567192600374002609e+01
1.341946690057993123e+02
1.951156399094172116e+02
6.646108931671896869e+01
1.121531627658189905e+02
1.972411534053879620e+02
6.642141434639962938e+01
1.106634563918333498e+02
2.000108303474848412e+02
6.326541224256084206e+01
1.074959108752780992e+02
2.011307100416198352e+02
6.557850570912128774e+01
1.075884654733337555e+02
2.024461410854022461e+02
6.392751720593764730e+01
1.103365970746026790e+02
2.113526673355764274e+02
6.578620499122844478e+01
1.320653278836960283e+02
2.194010085088195865e+02
6.004757944100907707e+01
1.134939611258612473e+02
1.975043286664485436e+02
8.019804751989406100e+01
1.100783099426137426e+02
2.010609195169488430e+02
7.815171856151258112e+01
1.066293045799052805e+02
2.030017120790699607e+02
7.904536651163344629e+01
1.330520915118787286e+02
2.006157966279737082e+02
7.644011666519813275e+01
1.089490840579350532e+02
2.053034318127804738e+02
7.942646858865238357e+01
1.118335612736000115e+02
2.098983194408420729e+02
7.725714137033206441e+01
1.355135286113724646e+02
2.160718202671586425e+02
7.764470060218205560e+01
1.377341413038914482e+02
2.044886700311630818e+02
7.636500514777650039e+01
1.147733166113109320e+02
2.164249129874953610e+02
7.746913147574606739e+01
1.274823921640245885e+02
2.228217653297083416e+02
7.729330623393826727e+01
1.203913743515447550e+02
2.184665392090244040e+02
7.581364919095719301e+01
1.259207402144101877e+02
1.895655836997962638e+02
8.042655717136447890e+01
1.256442190065209985e+02
1.962125749613935568e+02
7.712929437403279564e+01
1.317618194227262052e+02
2.000800770010123699e+02
7.936558817020730316e+01
1.315241259796340785e+02
2.218209798963670210e+02
7.814988891450548181e+01
